local Resource_Modules = {
	Farm = {
		Location = {
			["Sunstone Island"] = CFrame.new(-951.898071, 141.856079, -1120.19775, -0.133393243, -3.01851415e-08, 0.991063178, 1.5517756e-09, 1, 3.06661967e-08, -0.991063178, 5.62857094e-09, -0.133393243);
			["Snowcap Island"] = CFrame.new(2818.052, 131.225647, 2711.30835, 0.708665907, 2.26964296e-08, -0.705544174, 1.01135713e-08, 1, 4.23270059e-08, 0.705544174, -3.71312794e-08, 0.708665907);
			["The Arch"] = CFrame.new(1013.26196, 131.320236, -1232.1189, -0.271385998, 9.82721673e-08, -0.962470591, 5.02907795e-08, 1, 8.79236808e-08, 0.962470591, -2.45421408e-08, -0.271385998);
			["Moosewood"] = CFrame.new(358.608337, 133.615952, 225.996231, 0.30798158, -1.49504782e-08, 0.951392293, -9.87829263e-10, 1, 1.60340914e-08, -0.951392293, -5.87801807e-09, 0.30798158);
			["Swamp"] = CFrame.new(2495.42188, 131.500031, -691.308899, -0.402163446, 4.10956567e-08, 0.915567875, 1.34521381e-08, 1, -3.89765731e-08, -0.915567875, -3.35860739e-09, -0.402163446);
			["The Birch"] = CFrame.new(1690.31506, 136.000015, -2527.34741, -0.0477003157, 2.75562524e-08, 0.99886167, -2.64221978e-10, 1, -2.76002741e-08, -0.99886167, -1.58046298e-09, -0.0477003157);
			["The Spike"] = CFrame.new(-1253.18359, 137.909485, 1543.0647, 0.647949159, 1.65516987e-08, -0.761683583, 4.05741858e-08, 1, 5.62460691e-08, 0.761683583, -6.73492835e-08, 0.647949159);
			["Roslit"] = CFrame.new(-1638.84204, 139.834747, 542.987244, 0.999597967, -3.90896417e-08, -0.0283527244, 3.84989036e-08, 1, -2.13812505e-08, 0.0283527244, 2.02811066e-08, 0.999597967);
			["Foresaken Shores"] = CFrame.new(-2672.97656, 164.750656, 1761.55054, 0.510789156, 1.18591103e-07, 0.859705985, -1.01383861e-07, 1, -7.77071776e-08, -0.859705985, -4.74683297e-08, 0.510789156);
			["The Depths"] = CFrame.new(870.817993, -737.915771, 1238.43726, 0.00626340788, 4.06453804e-09, 0.99998039, 2.59381334e-08, 1, -4.22708224e-09, -0.99998039, 2.59641002e-08, 0.00626340788);
			["Volcano"] = CFrame.new(-1918.89893, 159.113327, 272.576752, 0.616378844, 5.73018566e-09, 0.787449718, 1.28169981e-08, 1, -1.73094374e-08, -0.787449718, 2.07619131e-08, 0.616378844);
			["Brine"] = CFrame.new(-1776.69885, -142.693146, -3378.64331, -0.996699631, 9.9599804e-09, 0.0811776146, 1.6313713e-08, 1, 7.76062592e-08, -0.0811776146, 7.86744394e-08, -0.996699631);
			["Desolate Deep"] = CFrame.new(-1520.79443, -234.714706, -2878.57202, 0.823771715, -6.02320611e-08, -0.566921651, 9.54827897e-08, 1, 3.2498253e-08, 0.566921651, -8.0902403e-08, 0.823771715);
			["Vertigo"] = CFrame.new(-134.561462, -736.86377, 1231.2959, 0.720236897, -3.94849735e-08, -0.693728209, 1.50951376e-08, 1, -4.12451158e-08, 0.693728209, 1.92343315e-08, 0.720236897);
			["Ancient Isle"] = CFrame.new(5799.03662, 135.301483, 403.871277, 0.777862847, 6.58882868e-08, -0.628434062, -8.78110669e-08, 1, -3.84555277e-09, 0.628434062, 5.8174777e-08, 0.777862847);
		};
	};
	Interactable = {
		Location = {
			["Phoenix Rod"] = CFrame.new(5971.03076, 270.377411, 852.372314, -0.498096943, 0.101641625, -0.861143589, -0.0435730033, 0.988917768, 0.141926154, 0.866025805, 0.108215615, -0.488148093);
			["Eclipse Totem"] = CFrame.new(5967.84863, 272.680389, 837.349731, -0.67464602, 0.204930946, 0.709123492, 0.0901876241, 0.976375043, -0.19636178, -0.73261106, -0.0685205162, -0.677189827);
			["Rod Of The Depths"] = CFrame.new(1705.61389, -905.490295, 1448.55847);
			["Scurvy Rod"] = CFrame.new(-2828.21851, 213.457199, 1512.20959, -0.939700961, -0.341998369, 0, -0.341998369, 0.939700544, 0, -0, 0, -1.00000048);
			["Trident Rod"] = CFrame.new(-1483.98193, -225.729553, -2219.25244, -0.987509012, -2.55068002e-08, 0.157562479, -1.36471128e-08, 1, 7.63516397e-08, -0.157562479, 7.32476622e-08, -0.987509012);
			["Steady Rod"] = CFrame.new(-1503.51001, 141.852905, 765.906372, 0.637736797, -7.7486483e-08, 0.770254374, -7.20724991e-09, 1, 1.06565849e-07, -0.770254374, -7.35123749e-08, 0.637736797);
			["Rapid Rod"] = CFrame.new(-1503.51001, 141.852905, 765.906372, 0.637736797, -7.7486483e-08, 0.770254374, -7.20724991e-09, 1, 1.06565849e-07, -0.770254374, -7.35123749e-08, 0.637736797);
			["Fortune Rod"] = CFrame.new(-1503.51001, 141.852905, 765.906372, 0.637736797, -7.7486483e-08, 0.770254374, -7.20724991e-09, 1, 1.06565849e-07, -0.770254374, -7.35123749e-08, 0.637736797);
			["Kings Rod"] = CFrame.new(1386.047, -806.839417, -307.037842, -0.875334442, 7.46158069e-09, 0.483518004, 1.39734171e-08, 1, 9.86484849e-09, -0.483518004, 1.53914392e-08, -0.875334442);
			["Smokescreen Totem"] = CFrame.new(2775.52954, 142.861252, -617.796631, 0.315944701, -3.88856449e-08, -0.948777616, 1.77899118e-08, 1, -3.50609213e-08, 0.948777616, -5.80135673e-09, 0.315944701);
			["GPS"] = CFrame.new(2511.43066, 143.106857, -902.993958, -0.984200537, -7.70020989e-08, -0.177057311, -8.46430055e-08, 1, 3.5601996e-08, 0.177057311, 5.00261663e-08, -0.984200537);
			["Tidebreaker"] = CFrame.new(-1651.43188, -213.679413, -2856.78345, -0.763477623, 2.88883371e-08, -0.645834267, 9.86447048e-08, 1, -7.1883278e-08, 0.645834267, -1.18589405e-07, -0.763477623);
			["Gilder"] = CFrame.new(-1651.43188, -213.679413, -2856.78345, -0.763477623, 2.88883371e-08, -0.645834267, 9.86447048e-08, 1, -7.1883278e-08, 0.645834267, -1.18589405e-07, -0.763477623);
			["Flippers"] = CFrame.new(-1651.43188, -213.679413, -2856.78345, -0.763477623, 2.88883371e-08, -0.645834267, 9.86447048e-08, 1, -7.1883278e-08, 0.645834267, -1.18589405e-07, -0.763477623);
			["Coral Geode"] = CFrame.new(-1651.43188, -213.679413, -2856.78345, -0.763477623, 2.88883371e-08, -0.645834267, 9.86447048e-08, 1, -7.1883278e-08, 0.645834267, -1.18589405e-07, -0.763477623);
			["Super Flippers"] = CFrame.new(-966.489563, -244.9151, -2701.08887, -0.893585742, 6.58217569e-09, 0.448892564, -4.28303828e-08, 1, -9.9923227e-08, -0.448892564, -1.08516211e-07, -0.893585742);
			["Aurora Totem"] = CFrame.new(-1809.40479, -136.874405, -3283.00488, -0.545683622, 6.26508978e-08, 0.837991238, 3.89117467e-08, 1, -4.94246137e-08, -0.837991238, 5.63749936e-09, -0.545683622);
			["Windset Totem"] = CFrame.new(2845.48535, 177.876801, 2704.95142, 0.273372501, -7.37497459e-08, -0.961908221, -5.63090481e-08, 1, -9.26731758e-08, 0.961908221, 7.94984345e-08, 0.273372501);
			["Sundial Totem"] = CFrame.new(-1146.11975, 134.499985, -1066.55713, 0.900279582, -1.6173594e-08, 0.435312152, 1.40446392e-08, 1, 8.10795697e-09, -0.435312152, -1.18562593e-09, 0.900279582);
			["Tempest Totem"] = CFrame.new(35.383152, 132.500015, 1940.54382, -0.978704989, 4.33191758e-08, 0.205271974, 5.8589432e-08, 1, 6.83122536e-08, -0.205271974, 7.88843124e-08, -0.978704989);
			["Magnet Rod"] = CFrame.new(-201.479446, 132.5, 1927.09094, -0.560166895, 3.13372106e-09, -0.82837975, -1.87246041e-08, 1, 1.64449023e-08, 0.82837975, 2.47229739e-08, -0.560166895);
			["Nocturnal Rod"] = CFrame.new(-144.074371, -515.299377, 1144.83093, 0.842367232, 3.10148884e-08, 0.538903952, -6.66729747e-08, 1, 4.66655372e-08, -0.538903952, -7.52398464e-08, 0.842367232);
			["Lucky Rod"] = CFrame.new(451.587463, 150.500015, 239.656464, 0.946961284, 4.57768614e-08, -0.321347743, -2.7948925e-08, 1, 6.00916366e-08, 0.321347743, -4.79231268e-08, 0.946961284);
			["Plastic Rod"] = CFrame.new(451.587463, 150.500015, 239.656464, 0.946961284, 4.57768614e-08, -0.321347743, -2.7948925e-08, 1, 6.00916366e-08, 0.321347743, -4.79231268e-08, 0.946961284);
			["Training Rod"] = CFrame.new(451.587463, 150.500015, 239.656464, 0.946961284, 4.57768614e-08, -0.321347743, -2.7948925e-08, 1, 6.00916366e-08, 0.321347743, -4.79231268e-08, 0.946961284);
			["Long Rod"] = CFrame.new(451.587463, 150.500015, 239.656464, 0.946961284, 4.57768614e-08, -0.321347743, -2.7948925e-08, 1, 6.00916366e-08, 0.321347743, -4.79231268e-08, 0.946961284);
			["Reinforced Rod"] = CFrame.new(-987.255249, -244.909225, -2709.91943, -0.850118756, 2.11272084e-08, -0.526591003, 2.55247112e-09, 1, 3.60000563e-08, 0.526591003, 2.92602138e-08, -0.850118756);
			["Quality Bait Crate"] = CFrame.new(-168.381973, 145.002655, 1935.61792, 0.276451379, 6.2758005e-08, 0.96102792, -4.82196434e-08, 1, -5.1432032e-08, -0.96102792, -3.21219673e-08, 0.276451379);
			["Fish Radar"] = CFrame.new(-168.381973, 145.002655, 1935.61792, 0.276451379, 6.2758005e-08, 0.96102792, -4.82196434e-08, 1, -5.1432032e-08, -0.96102792, -3.21219673e-08, 0.276451379);
		};
	};
	RodResource = {};
	Fisch = {};
	Save = {};
	Island = {};
	Meteor = {};
	Place = {};
};
return Resource_Modules;
